1.040590375538304052e-01 9.868723632812500000e+03 5.215518554687500000e+03 2.326602539062500000e+03
1.125066283787592991e-01 8.701408203125000000e+03 4.786570800781250000e+03 1.957418579101562500e+03
1.216400009716438052e-01 7.662726562500000000e+03 4.377015625000000000e+03 1.642855468750000000e+03
1.315148276114810888e-01 6.737891601562500000e+03 3.987671142578125000e+03 1.375110107421875000e+03
1.421913000946918026e-01 5.912708496093750000e+03 3.619263916015625000e+03 1.146722290039062500e+03
1.537344966329382001e-01 5.184801757812500000e+03 3.271962402343750000e+03 9.564196777343750000e+02
1.662147785359844865e-01 4.530021972656250000e+03 2.945907226562500000e+03 7.920573730468750000e+02
1.797082190975677063e-01 3.958253417968750000e+03 2.641207763671875000e+03 6.585227661132812500e+02
1.942970672985478986e-01 3.444363281250000000e+03 2.357360107421875000e+03 5.435016479492187500e+02
2.100702491538262995e-01 2.992536132812500000e+03 2.093839599609375000e+03 4.493482360839843750e+02
2.271239097589839995e-01 2.589507568359375000e+03 1.849984497070312500e+03 3.697615051269531250e+02
2.455619993406741031e-01 2.228017578125000000e+03 1.624450317382812500e+03 3.017836303710937500e+02
2.654969068830235757e-01 1.894313476562500000e+03 1.416110717773437500e+03 2.391013488769531250e+02
2.870501451923037073e-01 1.596889404296875000e+03 1.224671264648437500e+03 1.861090850830078125e+02
3.103530915756642083e-01 1.335371826171875000e+03 1.049609497070312500e+03 1.428811798095703125e+02
3.355477886487239769e-01 1.107645874023437500e+03 8.904624023437500000e+02 1.085917129516601562e+02
3.627878101533222877e-01 9.074588623046875000e+02 7.468641967773437500e+02 8.029733276367187500e+01
3.922391970630069169e-01 7.353564453125000000e+02 6.182962646484375000e+02 5.853009796142578125e+01
4.240814696822673979e-01 5.881766967773437500e+02 5.042126464843750000e+02 4.198202896118164062e+01
4.585087219087455868e-01 4.619109497070312500e+02 4.040893859863281250e+02 2.891077423095703125e+01
4.957308043284732180e-01 3.566602783203125000e+02 3.172609558105468750e+02 1.969966316223144531e+01
5.359746033556697098e-01 2.684817504882812500e+02 2.429785614013671875e+02 1.275158882141113281e+01
5.794854242140700107e-01 1.961257171630859375e+02 1.805174865722656250e+02 7.804112911224365234e+00
6.265284861897150170e-01 1.381892852783203125e+02 1.290914001464843750e+02 4.548940658569335938e+00
6.773905392694863359e-01 9.224477386474609375e+01 8.790347290039062500e+01 2.170650482177734375e+00
7.323816120195716373e-01 5.776987457275390625e+01 5.630830383300781250e+01 7.307850122451782227e-01
7.918369013580173199e-01 3.391202545166015625e+01 3.390542602539062500e+01 3.298788098618388176e-03
8.561188157404351351e-01 1.968133926391601562e+01 1.968171691894531250e+01 -1.886305253719910979e-04
9.256191842130599978e-01 1.096805667877197266e+01 1.096621608734130859e+01 9.205071255564689636e-04
1.000761644798393135e+00 5.757493019104003906e+00 5.757479667663574219e+00 6.713111815770389512e-06
1.082004226771788424e+00 2.768183231353759766e+00 2.768493175506591797e+00 -1.549735170556232333e-04
1.169842142569186727e+00 1.167610168457031250e+00 1.165974378585815430e+00 8.178821299225091934e-04
1.264810806344021099e+00 3.960605561733245850e-01 3.959785997867584229e-01 4.098029603483155370e-05
1.367489097572839096e+00 8.864569664001464844e-02 8.860186487436294556e-02 2.191621933889109641e-05
1.478502889602875126e+00 7.430804893374443054e-03 6.520329043269157410e-03 4.552378086373209953e-04
1.598528864649771508e+00 9.789462637854740024e-05 -2.949530255591525929e-07 4.909478957415558398e-05
1.728298638499677686e+00 5.094539665151387453e-05 1.823762772801273968e-06 2.456081710988655686e-05
1.868603220057760472e+00 6.990576512180268764e-04 3.901405776218780375e-08 3.495093260426074266e-04
2.020297832926217563e+00 1.640038099139928818e-04 -3.754597855731844902e-06 8.387920388486236334e-05
2.184307128401612008e+00 1.754629774950444698e-04 -6.938420028745895252e-06 9.120070171775296330e-05
2.361630821667243474e+00 3.946927899960428476e-04 -5.818213139718864113e-06 2.002554974751546979e-04
2.553349785535856675e+00 1.445678208256140351e-04 -4.330135197960771620e-06 7.444898074027150869e-05
2.760632638886953316e+00 2.130145294358953834e-04 2.048385340458480641e-06 1.054830718203447759e-04
2.984742869958394440e+00 3.155699232593178749e-04 -1.108354013013013173e-06 1.583391422173008323e-04
3.227046537912167778e+00 2.168538048863410950e-04 -1.002780777525913436e-06 1.089282959583215415e-04
3.489020599619045093e+00 2.303652436239644885e-04 -2.976976247737184167e-06 1.166711081168614328e-04
3.772261912417875784e+00 2.578877611085772514e-04 -2.272332267239107750e-06 1.300800504395738244e-04
4.078496967725641298e+00 2.296636084793135524e-04 8.398741897508443799e-07 1.144118650699965656e-04
4.409592414829277551e+00 2.425231941742822528e-04 1.931695123857934959e-06 1.202957500936463475e-04
4.767566439006830414e+00 2.311984280822798610e-04 -1.516950533186900429e-06 1.163576889666728675e-04
5.154601063333034361e+00 2.451585023663938046e-04 -2.533255383241339587e-07 1.227059110533446074e-04
5.573055449154692198e+00 2.347710542380809784e-04 -2.979562623295350932e-07 1.175345023511908948e-04
6.025480276308654126e+00 2.187442296417430043e-04 -6.300683139670582023e-07 1.096871492336504161e-04
6.514633290736677296e+00 2.538341796025633812e-04 1.853492079817442573e-07 1.268244086531922221e-04
7.043496114267354002e+00 2.332870208192616701e-04 4.847901777793595102e-07 1.164011118817143142e-04
7.615292419028747872e+00 2.193541440647095442e-04 -6.436677040255744942e-07 1.099989094655029476e-04
8.233507577273501354e+00 2.552010992076247931e-04 -6.768214575458841864e-07 1.279389543924480677e-04
8.901909906391509253e+00 2.316465979674831033e-04 1.803125826427276479e-07 1.157331425929442048e-04
9.624573638608667991e+00 2.210033126175403595e-04 -2.533970473450608552e-07 1.106283525587059557e-04
